address,volume,deposits (OP + WBNB),withdraws (OP + WBNB),Net Flow,,weighting,airdrop allocation,Total LZ Allocated,0
0x6bb971430554e3af58fbd469bce46ab2359a2d23,981027.1,980376.4,376206.2,604170.2,,0.2106706182,0,,
0x3c1983960d53a108262314a2bbd4c32cf5b18f0d,602990.1,606604.1,769096.5,-162492.4,,0.1294890805,0,,
0x7232a101c05f0bcc4708b8ed3191616291ce4f5a,419911.7,468497.5,360903.8,107593.7,,0.09017391815,0,,
0xb32932059861e7b33b6b2959a1032e90281d398a,340251.8,350652.5,356182.2,-5529.7,,0.07306735669,0,,
0xd9fcc3651db034c719cc744b7872007e44ffcf93,339580.7,519186.2,409025,110161.2,,0.07292324136,0,,
0xfe11478844ae09a79603e47eeed612642ca5697e,178269.1,180590.8,104049,76541.8,,0.03828238945,0,,
0x111eaa31b2a1484191cf7eaf495beddc12469f38,175356.9,175182.3,167716.7,7465.6,,0.03765700919,0,,
0x229eabdaebd158b998d2f50280b4c9e0853f08ae,150609.9,150239.4,121540.4,28699,,0.03234271585,0,,
0xaf0fdd39e5d92499b0ed9f68693da99c0ec1e92e,145298.5,144372.9,0,144372.9,,0.03120211951,0,,
0x49a216d58dc65db1db92405ebdc48fdf945db991,99914.77,101098.9,0,101098.9,,0.02145619256,0,,
0x74d31d058fdcfed35e3633b57ad0a0fed500b216,84416.61,83344.61,0,83344.61,,0.01812804092,0,,
0x758cde0e08e366ee16a988dbbe0041bb69500e3d,83440.54,73853.16,43471.7,30381.46,,0.01791843481,0,,
0x5984bb82f11171cb1dc2287e2a6935c44d491538,80036.68,80292.66,0,80292.66,,0.01718747306,0,,
0x9de092bd0645d1ae81b4437fb6bf45de66f90060,70246.62,68865.51,100146.5,-31280.99,,0.01508510709,0,,
0x1bc8c6c06a43e3fbb2ebc613e0ebc0ecb95b5937,61627.39,62292.92,70.39361,62222.52639,,0.01323417095,0,,
0x6d8d33b504f4c5d26a5c7a6ca51641ddf2c6bc99,58750.25,58681.4,0,58681.4,,0.01261631966,0,,
0x28d664b3d47c7f5980f94ba97adb9f2c9462560c,58738.09,33735.49,31060.57,2674.92,,0.01261370836,0,,
0x50e71e23d51cd79cf484845327ac372970d47144,41887.41,41795.01,26591.24,15203.77,,0.008995109879,0,,
0x9a070851847fc53f1c96ba3c9e7dce9acb1d84ac,39871.94,40397.68,15681.6,24716.08,,0.008562297869,0,,
0x105e1e285aab8cee407f0e7bab752f792cec8800,31891.58,31688.6,31787.3,-98.7,,0.006848555838,0,,
0xc7ff86b58e62f217178990d5021e9998b93a9674,31783.44,31987.53,23329.79,8657.74,,0.006825333319,0,,
0xaffa6f347fd9b49cdf2a1b48c2b7d2b782c4f5a8,30696.5,30951.84,31986.5,-1034.66,,0.00659191844,0,,
0x49519579d9d7f1e782daff0d1139c6f6c7b51235,30695.08,30341.32,0,30341.32,,0.006591613502,0,,
0xf71181c9f91f85149d629f37b8c27afca0fd5ea1,29977.31,29809.6,15350.31,14459.29,,0.006437476018,0,,
0x00cb97487391d0ac7819c77098dbfd75b1d76787,29014.23,11742.35,5917.217,5825.133,,0.006230659449,0,,
0x26a5994176d34d128c5e6ab80fa0882a7df4ff00,24912.46,24441.93,14061.15,10380.78,,0.005349825044,0,,
0x679eeddb9ce815ee39ce6567e407f9a972dea194,24730.11,18248.91,25352.42,-7103.51,,0.005310666302,0,,
0xed968213380a1d0efc976d5346dc14688dba07c8,23478.76,23573.59,24402.4,-828.81,,0.005041945205,0,,
0x35c0578375d034b10dc73d8bb4d26f8c1bff0001,21193.73,22811.11,11190.46,11620.65,,0.004551246546,0,,
0xe5ae5aac9a19ec43abdd161e95640a1cc12ae348,19316.86,19788.26,9720.851,10067.409,,0.004148198187,0,,
0xd2fc0bb892270e06b2ce81394c988d3b2f5c1414,19093.83,18948.33,38319.69,-19371.36,,0.00410030362,0,,
0x3822bbbd588fe86964c7751d6c6a6bd010927307,17535.69,17522.57,10013.54,7509.03,,0.003765700919,0,,
0xce65a2b43efccd13d7a7adf2ffb0c72acde0b2f1,15095.85,15119.13,0,15119.13,,0.003241757594,0,,
0x98272837f5cc800b07ca84c8732f8fd53d2d8994,14961.89,18266.67,3367.449,14899.221,,0.00321299036,0,,
0xa7750247e4d430178a662f691482db1395615099,14132.37,14112.59,15686.38,-1573.79,,0.003034855127,0,,
0x520e74218a9fd5563855f11d204810281a833e0f,13007.67,12161.37,0,12161.37,,0.002793331479,0,,
0xadeed59f446cb0a141837e8f7c22710d759cba65,11693.38,11653.74,5968.855,5684.885,,0.002511094335,0,,
0xfdcb647ba5c40e002052e4e073a3e7870a3b3605,11183.08,11962.65,8555.147,3407.503,,0.002401509986,0,,
0x001ccb4aee11e54217dc4b02b7bd252f5d420d1f,10702.61,10698.51,11392.33,-693.82,,0.002298331478,0,,
0x7c14af9908287642eb11d557960d2e0df7bdee76,10310.19,10576.47,11348.71,-772.24,,0.002214061264,0,,
0x7356404087abd3c9bc1461bbf2d52c5c2a0bd27f,9820.046,9702.34,4285.996,5416.344,,0.002108805314,0,,
0x9e33331404f708102f9bb6f51849dbddc1f0283a,9542.371,9620.476,5099.468,4521.008,,0.002049176009,0,,
0xa11cba2199d349c35f4c4ef6a4760406c69f9f79,9418.432,9463.408,10853.9,-1390.492,,0.002022560734,0,,
0x2c1599554db46744cd02e6c43262fb4bbfed5273,9099.701,9208.665,11270.32,-2061.655,,0.001954114861,0,,
0x9c522e518bed1a71b5d465614bc64dd512d8f2fc,8972.887,8921.788,4822.775,4099.013,,0.001926882194,0,,
0x40dc0fa2553e8a97e56f39d595b2753eacfe91f1,7991.711,8066.496,8510.776,-444.28,,0.001716179601,0,,
0xffa06240e8b331d9ac350529bc1b01e95d3e6ceb,7074.535,6953.64,7513.694,-560.054,,0.001519220684,0,,
0x6ac1065a0275da813012d48224737e3ee478e1a9,6582.965,6584.847,3219.836,3365.011,,0.001413658507,0,,
0x4eb49db2c0a1bad8c48a64d68d8525bd01f9de0b,6516.268,1398.708,986.4283,412.2797,,0.001399335663,0,,
0x58cbf5ea02359d28d0004cf25430cd432881c745,6364.441,6357.488,0,6357.488,,0.001366731581,0,,
0x00002b503a75998c97508916a74fdb41934fa030,5895.036,6198.038,0,6198.038,,0.001265929227,0,,
0x783f2bc733731122bd1f6c354faaa5152610ac67,5853.405,5920.118,6125.382,-205.264,,0.00125698918,0,,
0x4eaac96f2d275764ad7259c303fc932d8f6b1e49,5161.309,5152.839,7526.483,-2373.644,,0.001108365057,0,,
0x6d1b0ba383cd362f180ccfe01733b19260ca2459,5116.421,5056.001,5741.002,-685.001,,0.001098725586,0,,
0x6cd57998cc8a6ad4cef6d5991df0b7417b85abf5,4977.141,5038.516,0,5038.516,,0.001068815909,0,,
0xa578994a409696e4d8d1cdcc93aba4c34022c93b,4704.735,4806.263,7289.076,-2482.813,,0.001010318095,0,,
0xc41aa6448970a1975bc857e4a07fec005ce4b2cb,4263.671,4275,0,4275,,0.0009156018272,0,,
0x7f2fccaf717128bdf5efabd67a8ea9a812d5813e,4097.75,4211.253,3133.153,1078.1,,0.0008799711299,0,,
0x694cbc24aeab1af96a5c822f594f62719cf0d612,3940.176,3937.865,0,3937.865,,0.0008461329087,0,,
0x17d0a7eeba3ed2ecac6503477ffbb76366a67e9a,3830.997,3789.06,0,3789.06,,0.0008226872695,0,,
0xdb6d9d4ae06b843639ab5ea567af30ece0374003,3495.407,3505.346,3671.547,-166.201,,0.0007506210109,0,,
0x6adcc5c7d53765e4d2456a95015ea384924bef4a,3419.689,3490.522,1873.464,1617.058,,0.0007343609525,0,,
0x9f1de33fa992c5d19d2bb5465773975809bb0012,3337.464,3363.703,3545.892,-182.189,,0.0007167035488,0,,
0x8d60a48c0947aec002d470a6f4ce4f2a195e530b,3323.661,3274.196,3444.795,-170.599,,0.0007137394242,0,,
0x9c78a340c464d5fecb642c73ea02dba0af6834b2,3273.901,3298.894,3472.213,-173.319,,0.0007030537154,0,,
0x8ef8bcef3151155eab488cbb041695a65a942dba,3260.639,6592.61,7280.272,-687.662,,0.0007002057678,0,,
0x7db4fd6205bbb1f3aa134fa723d1f20a60bab635,3228.753,3258.413,3365.338,-106.925,,0.0006933584102,0,,
0x05fac1ae20b0c4b06699dec78c23e94bddcb05f0,2844.991,2611.635,0,2611.635,,0.0006109474577,0,,
0x42a045bac9c01d48b16618385d6afd0dfea3c29d,2674,2924.706,1563.779,1360.927,,0.0005742280035,0,,
0xb5609d010cda9a7bef1335875f58ddc23f964ffb,2555.073,2562.641,2811.332,-248.691,,0.0005486890305,0,,
0x4a1c3cb0efa424ffe121844a34e7788494a882f4,2443.58,2462.843,2476.752,-13.909,,0.0005247464715,0,,
0xdfa0426ebcb7bfb5db14f234db70bf3708b8ba7b,2421.656,2382.201,3662.804,-1280.603,,0.0005200384032,0,,
0xfee0a5607c453f0ea32599ad0388eabd37a9c404,2390.156,2428.588,1088.56,1340.028,,0.0005132739371,0,,
0xe492bcf10ed5a90c2b7cabf6ad335890b3b1a6fa,2264.957,2275.533,2716.383,-440.85,,0.0004863880838,0,,
0xee0fc1c777e87931e8fe74ba7c70d9a919bb4193,2154.653,2181.143,2416.509,-235.366,,0.0004627008566,0,,
0xbdf81b19af7848f7384c38e68208885ff0c9f390,2103.841,2100.13,3376.026,-1275.896,,0.000451789236,0,,
0x318ae2cb52678eb26d2e8b925fb87f4a1fe30d93,2092.593,2097.366,1500.258,597.108,,0.0004493737848,0,,
0xfbcd73f7ad89377996f7b641fd0c8d1bcfa66ec8,2045.373,2007.56,2088.552,-80.992,,0.0004392335281,0,,
0x7d342959be3af358dc7fa4f04bdd9f5b36446677,1883.362,1878.22,2035.284,-157.064,,0.0004044424836,0,,
0x3fde23a0cbb3cecf37c92c9881f95997288029ab,1803.969,1803.936,1839.771,-35.835,,0.0003873932376,0,,
0xd9d1eb093c83c2f32b4655232ee4216e70d2769f,1802.409,1817.548,1866.011,-48.463,,0.0003870582354,0,,
0x3a80880ee2f1322dd8c4a6ba13c77e009b4fbafe,1802.279,1800.091,1853.177,-53.086,,0.0003870303186,0,,
0x284c8a00ab750896fa06b72fe79184b0b3bdbad2,1661.376,1679.884,1756.171,-76.287,,0.0003567721105,0,,
0x63750e29d8ed02716ef588e7aeb242ebaa2f82ab,1650.183,1700.334,0,1700.334,,0.0003543684703,0,,
0xee3cfadee77e81b65624a4ca448bd602c868420f,1391.444,2232.212,853.0243,1379.1877,,0.000298805576,0,,
0x2979f7e187a759bd8c8889a4e12bcb3f882c0a84,1375.056,1369.977,1321.282,48.695,,0.0002952863357,0,,
0xc0d4ce87dbcc4b729a68eb8ccce2855fcfd47d7f,1086.551,1068.661,512.996,555.665,,0.0002333313431,0,,
0x7cfd8d39b2b5555bbad00dbcc8376449a81b6838,1004.751,1007.865,0,1007.865,,0.000215765206,0,,
0x3fd1f6df92cd133614a066e71656ba6cdf530dfc,976.2211,967.0591,466.6665,500.3926,,0.0002096385539,0,,
0xe842359773d9f42f3dc81840e55da183296f7671,967.8714,991.7737,1071.227,-79.4533,,0.000207845498,0,,
0xc16e1bf5cb9eaf5344d6210aed1bbfd81b39fc09,952.4473,955.6165,1031.27,-75.6535,,0.0002045332504,0,,
0xc58712b51bc6bdb8f0c00f3ced1411d8c9b1d973,948.1753,946.7384,978.0463,-31.3079,,0.0002036158599,0,,
0x7ddfe328ac40f0371ad41064998612b35a387001,927.28,862.3088,0,862.3088,,0.0001991286997,0,,
0x285e6e07ce1bcd84cc9b6f2ef661de222899eb23,902.1021,884.4197,338.5683,545.8514,,0.0001937218728,0,,
0xc7e6da4d1373baba0033a9799470b3b4900f338c,856.6314,842.788,469.3151,373.4729,,0.0001839572695,0,,
0x526809201ae63ee803669edeef22910a08c67874,760.4069,822.2903,370.7239,451.5664,,0.0001632935438,0,,
0xa6d6783e521513c829ee60eed3df33236f4a573f,734.3781,733.5553,526.4839,207.0714,,0.0001577039903,0,,
0x6c386e7ffef2d6fe38a0880896e39c4e744e7ee9,644.0943,589.0865,0,589.0865,,0.000138316,0,,
0xef2b926b43f971cc0ef243876a7aaa4b2aae1f40,633.3727,612.253,0,612.253,,0.0001360135905,0,,
0x0cfaec112c30a5a392eb633daae5231aa3d7623f,604.6905,603.0895,1705.032,-1101.9425,,0.0001298542328,0,,
0x3b1745629db898579390651ab9f53bef6a0ee421,602.5404,601.4828,1027.584,-426.1012,,0.0001293925097,0,,
0x4c1ed62ab4e161ea6e61cd302bb6a106cdd70b22,524.9209,501.0889,0,501.0889,,0.0001127241138,0,,
0x1eefe3ca6325b58baf330e48f16a521dcf84fdbd,500.1036,498.6318,534.1179,-35.4861,,0.0001073947239,0,,
0x1e1d3eb226e6af560ed3a16436343b5839dd268b,430.3159,1224.993,2986.27,-1761.277,,0.00009240816759,0,,
0x63e840aba32582baf26735e87cb9680fbfd00151,302.3095,302.9161,230.0114,72.9047,,0.00006491943928,0,,
0x1308ac29bcc5ef2b777482712515dbdd8bef0450,298.3745,298.9029,0,298.9029,,0.00006407441789,0,,
0xcb331e0898139acbb82fe6d31d5ddf57668ce2b6,292.2615,293.4164,0,293.4164,,0.00006276168199,0,,
0x69883e04ee66d1bf564c0d417c9e28d0ef2b9158,287.0154,284.024,0,284.024,,0.00006163510849,0,,
0x127e36c12b7a68a685fec27f752d82b4171e57ae,279.2931,280.7942,185.1898,95.6044,,0.00005997678355,0,,
0xe26f54284c451ec4c0f65eb973f737f7962a5a3b,215.9855,212.8826,572.6184,-359.7358,,0.00004638179598,0,,
0x5284b794ad97dc93ca0f6593c5bb0d7116c45d3b,205.958,205.5582,107.4589,98.0993,,0.00004422844097,0,,
0x6798611f316bbc5c7b629cdeac7ac89d62b8cd3b,158.9,157.3807,0,157.3807,,0.00003412297298,0,,
0xab19ce559252c6fd978c7017a6df73593e48cab2,153.3233,154.5237,0,154.5237,,0.00003292540481,0,,
0x6a75754e52b9107a68b0c5540d243a8fc289f4dd,126.7392,122.429,64.08188,58.34712,,0.00002721660351,0,,
0x76f0d737398e07567cf2067eda419ad010d204df,96.81863,101.9618,49.98938,51.97242,,0.00002079131212,0,,
0x59b7b1926af8336c443ce777a7b838d962d16cb4,92.27654,90.62852,96.65794,-6.02942,,0.00001981592122,0,,
0xb38302e27bae8932536a84ab362c3d1013420cb4,88.12537,87.91477,0,87.91477,,0.00001892447841,0,,
0xbe3819f599edd3569f6d15c99d7c4c74f8536304,86.94827,85.72067,0,85.72067,,0.00001867170213,0,,
0xd943570f7d7cf91621fc667f4149ff832a8ae93a,85.55329,85.05649,173.1595,-88.10301,,0.00001837213721,0,,
0xff3e84ddd3e8809591c7ce584358a5a3f4adccd3,79.63247,79.53223,56.33274,23.19949,,0.000017100671,0,,
0xff8b72632fc02fc902652cb5ce77258a5eb27864,66.81663,66.54065,109.4211,-42.88045,,0.00001434853405,0,,
0x196a492f60696930d6ee0551d3f4ed56b668aa00,58.6801,68.18586,72.17123,-3.98537,,0.0000126012553,0,,
0xc8665db820c6da2875a77a0dc6cf07691f1e47e8,35.5,34.36751,0,34.36751,,0.000007623445821,0,,
0x819ab507138b2d0111459535bec435916253bb08,26.22214,25.7992,0,25.7992,,0.000005631072214,0,,
0x5d22157549dd5de8226ed3f7bf192ce5aa959a99,18.02999,18.04809,0,18.04809,,0.00000387184935,0,,
0x362379c21e2b23075e6b0e36a7ed3de280c0b923,14.68756,14.5263,10.43143,4.09487,,0.000003154079377,0,,
0xa64d0e898ca91e8bb05ff75321076b5588e88db4,3.073685,0,53539.3,-53539.3,,0.0000006600583399,0,,
0x36992433887bafbfc8ad45c7484150cf87297575,0.300979,0.301587,0,0.301587,,0.00000006463372112,0,,